0.171900004	0.192399994	0.175099999	0.191300005	0.189199999	0.1778	0.193399996	0.197699994	0.187399998	0.198500007	0.203999996	0.200000003	0.192399994	0.201900005	0.185499996	0.183899999	0.171700001	0.189700007
0.196600005	0.204300001	0.194299996	0.245800003	0.256700009	0.244599998	0.244800001	0.249699995	0.239199996	0.250999987	0.245700002	0.242300004	0.235400006	0.251800001	0.233400002	0.215399995	0.197400004	0.226400003
0.231999993	0.253199995	0.2465	0.257200003	0.268400013	0.254900008	0.257299989	0.26730001	0.257200003	0.263700008	0.262300014	0.257099986	0.250699997	0.25909999	0.243000001	0.228200004	0.210700005	0.239299998
0.315699995	0.347499996	0.335200012	0.253300011	0.264699996	0.251300007	0.2509	0.261400014	0.252999991	0.257299989	0.255199999	0.251800001	0.244800001	0.252600014	0.240400001	0.226099998	0.210500002	0.236200005
0.442499995	0.488400012	0.470099986	0.247400001	0.2579	0.246999994	0.244800001	0.254500002	0.247999996	0.25150001	0.249599993	0.245800003	0.239399999	0.247299999	0.235599995	0.222100005	0.206200004	0.231600001
0.61589998	0.675000012	0.650900006	0.243499994	0.252900004	0.242899999	0.240099996	0.248899996	0.243000001	0.246099994	0.244900003	0.241099998	0.235100001	0.243200004	0.232899994	0.218500003	0.203299999	0.228
0.816799998	0.879199982	0.852100015	0.238499999	0.247700006	0.239899993	0.236499995	0.244900003	0.239800006	0.242200002	0.240600005	0.238399997	0.231199995	0.240600005	0.229800001	0.215599999	0.201199993	0.2245
1.006199956	1.06400001	1.037199974	0.236100003	0.244399995	0.236699998	0.232800007	0.240600005	0.236399993	0.237499997	0.236000001	0.233500004	0.227899998	0.238199994	0.226400003	0.213	0.198899999	0.221499994
1.149399996	1.195500016	1.170899987	0.233099997	0.241300002	0.233999997	0.229900002	0.238299996	0.233199999	0.235100001	0.234300002	0.231600001	0.225400001	0.233999997	0.224999994	0.210999995	0.197300002	0.220100001
1.207000017	1.243700027	1.220199943	0.229900002	0.238399997	0.231800005	0.227500007	0.235200003	0.231000006	0.232199997	0.2315	0.228300005	0.2227	0.2324	0.222800002	0.209600002	0.1963	0.217999995
1.223199964	1.258100033	1.234799981	0.2271	0.236399993	0.229800001	0.225600004	0.234200001	0.229000002	0.230199993	0.229399994	0.226899996	0.221900001	0.229499996	0.222200006	0.207000002	0.194199994	0.215800002
1.229200006	1.263700008	1.241000056	0.225799993	0.235300004	0.228	0.223700002	0.2315	0.226999998	0.228599995	0.227200001	0.2245	0.220500007	0.227599993	0.220100001	0.206499994	0.194199994	0.215000004
1.231899977	1.266499996	1.243999958	0.223499998	0.232800007	0.225999996	0.222000003	0.228599995	0.225099996	0.226899996	0.225400001	0.2236	0.2183	0.226699993	0.217399999	0.204300001	0.192300007	0.212699994
1.234599948	1.26880002	1.246299982	0.223900005	0.231399998	0.224800006	0.220300004	0.227500007	0.223900005	0.224399999	0.223900005	0.2227	0.216299996	0.224900007	0.216499999	0.204300001	0.192300007	0.212400004
1.236099958	1.271000028	1.248600006	0.220899999	0.229399994	0.222800002	0.2192	0.225799993	0.221599996	0.222299993	0.221900001	0.219500005	0.215399995	0.223199993	0.215399995	0.202000007	0.190400004	0.210199997
1.238199949	1.273200035	1.25059998	0.219699994	0.228	0.221499994	0.217899993	0.223700002	0.220200002	0.221399993	0.220100001	0.218099996	0.213699996	0.222399995	0.213	0.201499999	0.190300003	0.2095
1.239400029	1.27489996	1.252200007	0.218099996	0.226300001	0.220200002	0.215900004	0.223000005	0.218199998	0.219799995	0.218999997	0.216499999	0.211999997	0.220599994	0.212500006	0.199399993	0.188299999	0.207599998
1.240300059	1.275900006	1.253299952	0.216999993	0.225999996	0.219099998	0.214900002	0.220799997	0.217600003	0.218500003	0.217800006	0.215299994	0.211500004	0.219999999	0.211099997	0.198599994	0.187600002	0.206699997
1.2421	1.277199984	1.254799962	0.217199996	0.225600004	0.218099996	0.213200003	0.220100001	0.216199994	0.217600003	0.216700003	0.214399993	0.209999993	0.218400002	0.210199997	0.197799996	0.186900005	0.205500007
1.243999958	1.279099941	1.256500006	0.217199996	0.224999994	0.217299998	0.212300003	0.2192	0.214900002	0.216299996	0.216100007	0.213400006	0.208800003	0.217199996	0.208900005	0.197099999	0.186299995	0.204500005
1.245700002	1.280300021	1.258200049	0.217700005	0.226400003	0.216700003	0.211300001	0.217399999	0.213599995	0.215200007	0.215200007	0.212599993	0.207599998	0.215599999	0.208199993	0.196500003	0.186399996	0.2042
1.246999979	1.281700015	1.25940001	0.218600005	0.226500005	0.215499997	0.210700005	0.216700003	0.212899998	0.213799998	0.213300005	0.211099997	0.207000002	0.214900002	0.207399994	0.195199996	0.185100004	0.202600002
1.248600006	1.283100009	1.261299968	0.221100003	0.228200004	0.214599997	0.209600002	0.215200007	0.211999997	0.213400006	0.212899998	0.2104	0.206	0.213	0.206300005	0.194299996	0.184200004	0.202099994
1.250399947	1.284800053	1.262699962	0.225099996	0.231399998	0.2139	0.209299996	0.214200005	0.210999995	0.212099999	0.211700007	0.209299996	0.205200002	0.212400004	0.205599993	0.194100007	0.184200004	0.201299995
1.251399994	1.28579998	1.264000058	0.229100004	0.235699996	0.213599995	0.208800003	0.213100001	0.210199997	0.211199999	0.2104	0.208100006	0.2042	0.211300001	0.204400003	0.193200007	0.1831	0.200299993
1.253100038	1.287500024	1.266100049	0.235499993	0.241600007	0.212899998	0.209099993	0.212699994	0.209000006	0.210600004	0.210600004	0.208000004	0.203600004	0.210600004	0.203899994	0.192200005	0.182300001	0.199399993
1.254799962	1.289399981	1.26760006	0.244599998	0.25	0.211600006	0.209999993	0.211099997	0.208700001	0.209700003	0.209199995	0.207100004	0.202999994	0.210099995	0.202900007	0.191499993	0.181600004	0.198599994
1.255800009	1.289600015	1.268300056	0.256300002	0.260600001	0.210899994	0.209900007	0.210800007	0.208399996	0.208900005	0.209299996	0.206599995	0.202299997	0.209399998	0.202199996	0.191	0.181099996	0.198100001
1.256700039	1.290599942	1.268900037	0.272300005	0.276800007	0.211999997	0.210700005	0.210099995	0.206900001	0.207599998	0.207499996	0.2051	0.201299995	0.209399998	0.201700002	0.189999998	0.180800006	0.197300002
1.257500052	1.291700006	1.270499945	0.290199995	0.296400011	0.210899994	0.213100001	0.209299996	0.206799999	0.207000002	0.206599995	0.204400003	0.200299993	0.207800001	0.200900003	0.190200001	0.180500001	0.197099999
1.25909996	1.29279995	1.271499991	0.312299997	0.32069999	0.211999997	0.214699998	0.209000006	0.205300003	0.206699997	0.206200004	0.203999996	0.200299993	0.207599998	0.2007	0.188999996	0.179700002	0.196199998
1.26030004	1.29369998	1.272500038	0.336100012	0.349999994	0.212599993	0.217199996	0.208199993	0.204300001	0.205699995	0.205500007	0.203099996	0.199399993	0.206400007	0.1998	0.188600004	0.179199994	0.195700005
1.261199951	1.295099974	1.273599982	0.364600003	0.387699991	0.214000002	0.220200002	0.207000002	0.204400003	0.205200002	0.204899997	0.202399999	0.199300006	0.206699997	0.198899999	0.188500002	0.1787	0.195099995
1.261899948	1.295799971	1.27489996	0.394300014	0.430500001	0.217399999	0.225199997	0.206799999	0.203400001	0.205200002	0.204799995	0.202700004	0.198300004	0.205500007	0.198599994	0.187999994	0.178599998	0.194600001
1.263599992	1.297000051	1.275900006	0.421400011	0.478300005	0.221200004	0.229000002	0.206599995	0.202900007	0.204500005	0.204600006	0.201299995	0.197999999	0.204999998	0.198100001	0.187800005	0.178399995	0.194299996
1.264199972	1.297500014	1.276900053	0.447400004	0.538100004	0.225899994	0.236699998	0.206	0.202600002	0.204300001	0.203999996	0.201499999	0.197300002	0.204999998	0.197600007	0.186800003	0.177699998	0.193499997
1.265900016	1.299100041	1.27820003	0.461499989	0.602999985	0.232800007	0.248300001	0.205500007	0.2016	0.202900007	0.202999994	0.200299993	0.197099999	0.2042	0.197300002	0.1866	0.177399993	0.193200007
1.266299963	1.299999952	1.279099941	0.47240001	0.671800017	0.241600007	0.264699996	0.205400005	0.201800004	0.202500001	0.202700004	0.200000003	0.196700007	0.203400001	0.196899995	0.186299995	0.176899999	0.192900002
1.267699957	1.300799966	1.279800057	0.479000002	0.726899981	0.250999987	0.293000013	0.204600006	0.201900005	0.202399999	0.202800006	0.199900001	0.196500003	0.203299999	0.1963	0.186299995	0.176799998	0.192599997
1.26849997	1.301499963	1.280599952	0.481299996	0.744799972	0.263200015	0.336699992	0.203799993	0.201199993	0.202299997	0.202399999	0.199599996	0.195600003	0.202900007	0.195800006	0.185499996	0.176300004	0.191799998
1.26880002	1.301900029	1.281000018	0.482199997	0.759000003	0.278400004	0.390500009	0.203999996	0.201299995	0.201900005	0.201900005	0.199000001	0.195500001	0.202800006	0.195800006	0.185399994	0.176599994	0.1919
1.270499945	1.303200006	1.282199979	0.479900002	0.763800025	0.292100012	0.452100009	0.204099998	0.2007	0.201199993	0.201499999	0.198400006	0.194999993	0.202299997	0.195500001	0.185000002	0.175899997	0.191200003
1.271100044	1.304399967	1.282899976	0.483799994	0.765900016	0.308899999	0.493000001	0.203199998	0.200100005	0.2016	0.201199993	0.198500007	0.194800004	0.202099994	0.195199996	0.184599996	0.175899997	0.191100001
1.272799969	1.305600047	1.283900023	0.484499991	0.771700025	0.326700002	0.51910001	0.203299999	0.200100005	0.202000007	0.201900005	0.198699996	0.194600001	0.201499999	0.195199996	0.184400007	0.175400004	0.190599993
1.273499966	1.305999994	1.285099983	0.488099992	0.775900006	0.340700001	0.548699975	0.202600002	0.200499997	0.201700002	0.201399997	0.197899997	0.194600001	0.201100007	0.194399998	0.184599996	0.175300002	0.190599993
1.274799943	1.306800008	1.285699964	0.488400012	0.778100014	0.359100014	0.572399974	0.202800006	0.199699998	0.202399999	0.201800004	0.197999999	0.194100007	0.2007	0.194399998	0.183799997	0.175099999	0.190200001
1.27489996	1.306900024	1.286299944	0.488099992	0.771399975	0.360900015	0.591799974	0.202800006	0.199599996	0.202399999	0.201499999	0.197400004	0.193499997	0.200399995	0.193900004	0.183699995	0.174899995	0.189899996
1.277099967	1.307999969	1.287199974	0.489899993	0.777400017	0.374300003	0.608699977	0.202700004	0.199499995	0.203099996	0.2016	0.197099999	0.193499997	0.200299993	0.193900004	0.183599994	0.174999997	0.189700007
1.277999997	1.309000015	1.288900018	0.493000001	0.778999984	0.375200003	0.622399986	0.203299999	0.199000001	0.205899999	0.202000007	0.196799994	0.192900002	0.199599996	0.193499997	0.183400005	0.174600005	0.189500004
1.278399944	1.309499979	1.289100051	0.492399991	0.772199988	0.373800009	0.628300011	0.202900007	0.199200004	0.211500004	0.201499999	0.196199998	0.192599997	0.199200004	0.1928	0.182799995	0.173899993	0.189099997
1.280300021	1.311100006	1.290400028	0.495000005	0.778400004	0.378699988	0.635999978	0.203299999	0.198599994	0.221599996	0.201700002	0.196099997	0.192900002	0.199100003	0.193900004	0.182400003	0.173700005	0.188999996
1.281100035	1.311300039	1.291000009	0.495999992	0.779999971	0.382099986	0.640500009	0.203799993	0.199100003	0.240700006	0.202199996	0.195899993	0.192499995	0.198699996	0.193100005	0.182600006	0.173800007	0.188999996
1.282400012	1.312899947	1.292000055	0.498899996	0.781300008	0.381900012	0.645099998	0.204500005	0.199399993	0.269600004	0.202800006	0.196099997	0.192300007	0.198899999	0.193100005	0.182799995	0.174099997	0.188999996
1.283499956	1.313500047	1.292700052	0.497000009	0.778999984	0.386200011	0.656400025	0.205300003	0.199399993	0.30399999	0.202999994	0.196099997	0.192399994	0.198699996	0.193100005	0.182600006	0.174099997	0.188800007
1.28550005	1.314700007	1.293900013	0.502099991	0.779100001	0.389499992	0.656700015	0.209900007	0.199399993	0.345099986	0.203500003	0.195899993	0.192300007	0.198500007	0.192399994	0.182300001	0.173600003	0.1884
1.28610003	1.315899968	1.29460001	0.503199995	0.777400017	0.390100002	0.661000013	0.217999995	0.199200004	0.3935	0.203799993	0.195700005	0.192000002	0.198200002	0.192300007	0.182400003	0.173500001	0.188199997
1.28760004	1.316300035	1.29519999	0.502799988	0.779299974	0.391600013	0.667900026	0.229499996	0.199499995	0.435000002	0.2051	0.195700005	0.192000002	0.198200002	0.192100003	0.182799995	0.173899993	0.188600004
1.288800001	1.317399979	1.296200037	0.502699971	0.777999997	0.390199989	0.671400011	0.241999999	0.199599996	0.46509999	0.2104	0.195700005	0.191599995	0.197899997	0.192000002	0.182500005	0.173899993	0.188500002
1.289800048	1.318300009	1.296700001	0.503400028	0.783100009	0.394899994	0.672699988	0.252999991	0.199599996	0.498899996	0.219500005	0.196099997	0.191499993	0.197899997	0.192100003	0.182099998	0.173600003	0.188199997
1.290699959	1.319100022	1.298099995	0.501600027	0.786000013	0.392500013	0.673900008	0.264999986	0.199699998	0.540300012	0.230700001	0.195600003	0.191400006	0.197899997	0.1919	0.181999996	0.173099995	0.187900007
1.291499972	1.319000006	1.297700047	0.503899992	0.786499977	0.395500004	0.675000012	0.271499991	0.198899999	0.591300011	0.238000005	0.194600001	0.191200003	0.197400004	0.191499993	0.181899995	0.173199996	0.187700003
1.29279995	1.320799947	1.299200058	0.502200007	0.790600002	0.395200014	0.673799992	0.275900006	0.198899999	0.644800007	0.244900003	0.194600001	0.191100001	0.197300002	0.191400006	0.181799993	0.172800004	0.187299997
1.294800043	1.321699977	1.300500035	0.505599976	0.794499993	0.399500012	0.6778	0.277700007	0.199499995	0.672500014	0.255400002	0.194999993	0.191	0.197400004	0.191599995	0.181199998	0.172800004	0.187299997
1.295699954	1.322700024	1.300899982	0.503700018	0.795599997	0.394300014	0.684099972	0.280200005	0.1998	0.700100005	0.263599992	0.194999993	0.190899998	0.196799994	0.191100001	0.181199998	0.172800004	0.187399998
1.296700001	1.323799968	1.301699996	0.506600022	0.792999983	0.400900006	0.68900001	0.282000005	0.200200006	0.73119998	0.26910001	0.194000006	0.191	0.196899995	0.190899998	0.181199998	0.172800004	0.187399998
1.297199965	1.324599981	1.302299976	0.5079	0.791199982	0.400400013	0.69749999	0.284700006	0.201399997	0.745800018	0.271800011	0.194499999	0.190899998	0.196799994	0.191200003	0.181400001	0.172900006	0.187600002
1.299499989	1.326099992	1.303599954	0.508099973	0.791499972	0.401300013	0.705600023	0.289499998	0.203400001	0.76730001	0.273999989	0.194600001	0.190500006	0.196500003	0.191100001	0.180899993	0.172600001	0.187199995
1.300899982	1.327200055	1.304999948	0.508400023	0.797100008	0.397899985	0.698800027	0.289600015	0.208399996	0.773100019	0.278699994	0.194499999	0.190300003	0.1963	0.190799996	0.180399999	0.172199994	0.1866
1.302700043	1.328799963	1.306300044	0.508000016	0.790799975	0.405299991	0.711000025	0.295599997	0.219099998	0.783200026	0.278400004	0.194100007	0.190300003	0.1963	0.190699995	0.180199996	0.171900004	0.187000006
1.30309999	1.329300046	1.306900024	0.512499988	0.793099999	0.404799998	0.720399976	0.298599988	0.229000002	0.79460001	0.280699998	0.193499997	0.190200001	0.196400002	0.191	0.180199996	0.172000006	0.186800003
1.302999973	1.329599977	1.306900024	0.511200011	0.796999991	0.405600011	0.723999977	0.299800009	0.240400001	0.800100029	0.283100009	0.194000006	0.189999998	0.195800006	0.190200001	0.180899993	0.172199994	0.186800003
1.304999948	1.330800056	1.308799982	0.510599971	0.799399972	0.4014	0.720000029	0.3046	0.248300001	0.810299993	0.285600007	0.193599999	0.189700007	0.195600003	0.190099999	0.180000007	0.172000006	0.186700001
