0.170900002	0.170900002	0.170900002	0.175799996	0.175799996	0.175799996	0.165000007	0.165000007	0.165000007	0.163499996	0.163499996	0.163499996	0.167500004	0.167500004	0.167500004	0.165800005	0.165800005	0.165800005
0.199399993	0.199399993	0.199399993	0.204899997	0.204899997	0.204899997	0.196600005	0.196600005	0.196600005	0.182799995	0.182799995	0.182799995	0.183799997	0.183799997	0.183799997	0.183500007	0.183500007	0.183500007
0.243499994	0.243499994	0.243499994	0.252099991	0.252099991	0.252099991	0.238999993	0.238999993	0.238999993	0.222000003	0.222000003	0.222000003	0.220400006	0.220400006	0.220400006	0.2227	0.2227	0.2227
0.325500011	0.325500011	0.325500011	0.333400011	0.333400011	0.333400011	0.314399987	0.314399987	0.314399987	0.287699997	0.287699997	0.287699997	0.286900014	0.286900014	0.286900014	0.287200004	0.287200004	0.287200004
0.441900015	0.441900015	0.441900015	0.438499987	0.438499987	0.438499987	0.41049999	0.41049999	0.41049999	0.372900009	0.372900009	0.372900009	0.369700015	0.369700015	0.369700015	0.371499985	0.371499985	0.371499985
0.578299999	0.578299999	0.578299999	0.551999986	0.551999986	0.551999986	0.518000007	0.518000007	0.518000007	0.465200007	0.465200007	0.465200007	0.458200008	0.458200008	0.458200008	0.458400011	0.458400011	0.458400011
0.697700024	0.697700024	0.697700024	0.647099972	0.647099972	0.647099972	0.601100028	0.601100028	0.601100028	0.540799975	0.540799975	0.540799975	0.530600011	0.530600011	0.530600011	0.533100009	0.533100009	0.533100009
0.7579	0.7579	0.7579	0.706499994	0.706499994	0.706499994	0.653100014	0.653100014	0.653100014	0.58829999	0.58829999	0.58829999	0.575999975	0.575999975	0.575999975	0.579299986	0.579299986	0.579299986
0.779100001	0.779100001	0.779100001	0.738499999	0.738499999	0.738499999	0.682699978	0.682699978	0.682699978	0.616100013	0.616100013	0.616100013	0.602199972	0.602199972	0.602199972	0.606100023	0.606100023	0.606100023
0.788100004	0.788100004	0.788100004	0.752499998	0.752499998	0.752499998	0.699500024	0.699500024	0.699500024	0.631600022	0.631600022	0.631600022	0.61619997	0.61619997	0.61619997	0.619899988	0.619899988	0.619899988
0.195899993	0.185599998	0.187099993	0.187600002	0.181999996	0.177399993	0.166800007	0.176899999	0.179000005	0.180500001	0.174999997	0.173800007	0.182500005	0.177599996	0.173299998	0.184200004	0.180299997	0.176300004
0.208100006	0.197300002	0.203199998	0.196099997	0.188999996	0.187800005	0.192100003	0.186900005	0.189300001	0.1866	0.184900001	0.181799993	0.190200001	0.188899994	0.181600004	0.189400002	0.185000002	0.181600004
0.253800005	0.237000003	0.237599999	0.198400006	0.1928	0.195700005	0.192000002	0.191300005	0.196199998	0.188600004	0.185200006	0.187600002	0.189999998	0.190500006	0.1831	0.188099995	0.185900003	0.181999996
0.34040001	0.316000015	0.313600004	0.207599998	0.200399995	0.203299999	0.195800006	0.194900006	0.197799996	0.190799996	0.187000006	0.189099997	0.191200003	0.192000002	0.184499994	0.189099997	0.186800003	0.182999998
0.462399989	0.429100007	0.426800013	0.215399995	0.207399994	0.210600004	0.198500007	0.197400004	0.200000003	0.192699999	0.1884	0.190699995	0.191799998	0.192599997	0.185000002	0.189799994	0.187999994	0.183200002
0.610400021	0.572700024	0.570100009	0.220100001	0.212200001	0.215800002	0.200800002	0.199499995	0.201900005	0.194499999	0.188500002	0.191400006	0.193100005	0.192599997	0.185200006	0.189400002	0.187399998	0.183400005
0.743499994	0.708500028	0.707300007	0.2245	0.216000006	0.220100001	0.202199996	0.201100007	0.203400001	0.194900006	0.189799994	0.191400006	0.1928	0.193100005	0.185399994	0.189099997	0.186299995	0.183300003
0.801599979	0.773599982	0.775600016	0.226799995	0.218400002	0.221799999	0.202900007	0.201900005	0.204899997	0.194499999	0.190200001	0.191499993	0.1928	0.193399996	0.185200006	0.188500002	0.186100006	0.182500005
0.820299983	0.79400003	0.796700001	0.227699995	0.219899997	0.223199993	0.202800006	0.202099994	0.204600006	0.194199994	0.190699995	0.192599997	0.192200005	0.192499995	0.185100004	0.187600002	0.185499996	0.182300001
0.828599989	0.802399993	0.804899991	0.229100004	0.220300004	0.224000007	0.203799993	0.202999994	0.205400005	0.194399998	0.190300003	0.192000002	0.192200005	0.192900002	0.185000002	0.187299997	0.185200006	0.181600004
0.832199991	0.807799995	0.810400009	0.228799999	0.221300006	0.224600002	0.203799993	0.203299999	0.205400005	0.194000006	0.190300003	0.191499993	0.1919	0.192300007	0.185000002	0.186199993	0.184100002	0.180999994
0.835300028	0.8125	0.813000023	0.229800001	0.222499996	0.224999994	0.203799993	0.203099996	0.205200002	0.193900004	0.189999998	0.191300005	0.190699995	0.191300005	0.184	0.184900001	0.182899997	0.179900005
0.838100016	0.814999998	0.815699995	0.229800001	0.222100005	0.225299999	0.203700006	0.203199998	0.205400005	0.193000004	0.189199999	0.190699995	0.189999998	0.190300003	0.182899997	0.183400005	0.181600004	0.178800002
0.840300024	0.816900015	0.817399979	0.230700001	0.222599998	0.225899994	0.203400001	0.202800006	0.204699993	0.192399994	0.188999996	0.189799994	0.188299999	0.188899994	0.181500003	0.181999996	0.180199996	0.177300006
0.842800021	0.819700003	0.819899976	0.230399996	0.222599998	0.225799993	0.203099996	0.202399999	0.204500005	0.191200003	0.1875	0.189300001	0.187199995	0.1875	0.180600002	0.179399997	0.177900001	0.1752
0.845499992	0.822099984	0.82190001	0.230700001	0.222100005	0.225799993	0.202399999	0.201800004	0.203700006	0.189999998	0.186800003	0.187800005	0.185100004	0.185699999	0.178499997	0.178499997	0.176899999	0.173899993
0.847500026	0.824199975	0.824400008	0.229900002	0.221900001	0.225299999	0.201299995	0.200499997	0.202299997	0.188899994	0.185399994	0.186399996	0.183599994	0.183799997	0.177000001	0.176100001	0.1743	0.171700001
0.850399971	0.827000022	0.827199996	0.228799999	0.221100003	0.224399999	0.200200006	0.199399993	0.201299995	0.187199995	0.183599994	0.185200006	0.181999996	0.182099998	0.175400004	0.173999995	0.172700003	0.1699
0.853100002	0.82950002	0.829400003	0.227599993	0.219799995	0.223299995	0.198699996	0.198200002	0.1998	0.185499996	0.182099998	0.183699995	0.180299997	0.180500001	0.173899993	0.172299996	0.171000004	0.168500006
0.855700016	0.831700027	0.831499994	0.226199999	0.217800006	0.221399993	0.196999997	0.1963	0.197999999	0.184200004	0.180500001	0.1822	0.178399995	0.1787	0.172399998	0.170599997	0.169100001	0.166800007
0.858200014	0.834100008	0.833899975	0.224000007	0.215800002	0.219300002	0.195299998	0.194499999	0.195999995	0.182500005	0.179100007	0.180299997	0.176899999	0.177300006	0.170900002	0.168899998	0.167400002	0.1655
0.860499978	0.836099982	0.836199999	0.221100003	0.213200003	0.216900006	0.193700001	0.193000004	0.194499999	0.180999994	0.177699998	0.178800002	0.1752	0.175300002	0.169300005	0.167899996	0.166199997	0.164000005
0.862699986	0.83859998	0.838999987	0.218400002	0.210999995	0.214200005	0.191599995	0.190699995	0.192100003	0.179100007	0.175699994	0.177100003	0.173899993	0.1743	0.168200001	0.1664	0.164499998	0.162699997
0.865100026	0.840799987	0.841099977	0.215499997	0.208000004	0.211400002	0.189300001	0.188500002	0.190099999	0.177499995	0.174099997	0.175500005	0.172199994	0.172499999	0.166600004	0.164900005	0.163200006	0.161400005
0.867900014	0.842999995	0.843200028	0.212699994	0.205500007	0.208700001	0.187299997	0.186499998	0.188199997	0.176400006	0.173600003	0.173999995	0.171100006	0.171299994	0.1655	0.164000005	0.162400007	0.160300002
0.870199978	0.845399976	0.845399976	0.209600002	0.202900007	0.206	0.185399994	0.184599996	0.186299995	0.174999997	0.172199994	0.172800004	0.169699997	0.169799998	0.164100006	0.162699997	0.1611	0.159400001
0.872399986	0.84799999	0.8477	0.207200006	0.200599998	0.203299999	0.183500007	0.182799995	0.184599996	0.173199996	0.170499995	0.171299994	0.168500006	0.168699995	0.163100004	0.162	0.160300002	0.158500001
0.874800026	0.850300014	0.849300027	0.204500005	0.197699994	0.200599998	0.181999996	0.181500003	0.182600006	0.172099993	0.169	0.1699	0.167500004	0.167899996	0.162300006	0.160899997	0.159799993	0.157600001
0.876999974	0.852100015	0.851599991	0.201800004	0.195700005	0.198300004	0.180399999	0.179800004	0.181199998	0.1708	0.167999998	0.168799996	0.166500002	0.166700006	0.161200002	0.159799993	0.158600003	0.156800002
0.879000008	0.854600012	0.853600025	0.199399993	0.193499997	0.195999995	0.178800002	0.178499997	0.179800004	0.169200003	0.166800007	0.167600006	0.1655	0.166099995	0.160500005	0.158999994	0.157900006	0.156100005
0.880999982	0.85710001	0.855099976	0.197699994	0.191699997	0.194100007	0.177599996	0.177499995	0.178399995	0.168799996	0.165999994	0.166899994	0.1646	0.165600002	0.159700006	0.158199996	0.157399997	0.155599996
0.883300006	0.859000027	0.857299984	0.195500001	0.189899996	0.192300007	0.176400006	0.176599994	0.177100003	0.167899996	0.165099993	0.165900007	0.164100006	0.165299997	0.159199998	0.157499999	0.156599998	0.155000001
0.885299981	0.860400021	0.859000027	0.193599999	0.1884	0.190500006	0.174999997	0.175300002	0.175799996	0.166999996	0.164199993	0.165000007	0.163100004	0.165099993	0.158500001	0.157299995	0.155900002	0.154400006
0.886900008	0.862399995	0.860800028	0.192200005	0.186800003	0.188999996	0.173999995	0.174899995	0.174600005	0.166299999	0.163399994	0.164299995	0.162400007	0.164700001	0.157700002	0.157000005	0.155599996	0.153999999
0.888700008	0.864099979	0.862500012	0.190699995	0.185399994	0.187700003	0.172999993	0.174500003	0.173600003	0.165399998	0.162599996	0.163499996	0.161599994	0.164700001	0.157299995	0.156800002	0.155499995	0.153699994
0.891300023	0.86650002	0.864799976	0.189199999	0.184300005	0.186499998	0.172199994	0.174400002	0.172900006	0.164700001	0.162100002	0.163000003	0.161300004	0.165000007	0.1567	0.1558	0.154699996	0.153099999
0.89319998	0.867900014	0.866299987	0.187999994	0.183300003	0.185200006	0.171299994	0.175300002	0.172099993	0.164199993	0.161200002	0.162400007	0.160899997	0.165299997	0.156200007	0.155100003	0.154200003	0.152700007
0.895399988	0.869799972	0.867600024	0.187000006	0.182099998	0.184200004	0.170699999	0.176300004	0.171299994	0.163800001	0.1611	0.162	0.160300002	0.165999994	0.155900002	0.155000001	0.154100001	0.152500004
0.897000015	0.871399999	0.869499981	0.186000004	0.181400001	0.183300003	0.1699	0.177000001	0.170499995	0.163299993	0.160799995	0.161400005	0.159700006	0.166700006	0.155300006	0.154699996	0.153699994	0.152099997
0.898899972	0.87349999	0.871399999	0.184799999	0.180500001	0.182400003	0.169400007	0.178800002	0.170000002	0.162200004	0.159899995	0.160899997	0.159299999	0.167799994	0.155100003	0.154200003	0.153200001	0.151899993
0.901000023	0.875199974	0.873199999	0.184100002	0.179700002	0.181500003	0.168899998	0.181600004	0.169300005	0.162	0.159700006	0.160400003	0.158899993	0.169200003	0.154599994	0.154200003	0.152899995	0.151700005
0.903100014	0.876999974	0.875199974	0.183300003	0.179000005	0.180899993	0.168300003	0.185100004	0.168899998	0.161400005	0.159400001	0.159999996	0.158500001	0.171000004	0.154300004	0.153600007	0.152700007	0.151299998
0.904200017	0.878499985	0.876399994	0.182799995	0.178399995	0.180199996	0.168099999	0.190200001	0.168599993	0.161200002	0.159099996	0.159600005	0.158399999	0.173299998	0.154100001	0.153699994	0.152500004	0.151299998
0.906300008	0.880800009	0.877799988	0.1822	0.177699998	0.1796	0.167699993	0.197500005	0.167999998	0.160600007	0.158600003	0.159099996	0.158399999	0.175999999	0.153999999	0.152999997	0.152400002	0.150999993
0.908100009	0.882499993	0.879199982	0.181600004	0.177399993	0.179199994	0.167500004	0.205699995	0.167600006	0.160300002	0.158299997	0.158899993	0.158399999	0.179399997	0.153500006	0.153300002	0.151999995	0.150800005
0.910099983	0.884599984	0.880800009	0.180999994	0.177000001	0.179100007	0.167199999	0.214200005	0.167400002	0.160400003	0.158199996	0.158600003	0.158000007	0.182999998	0.153099999	0.153300002	0.151899993	0.150700003
0.911499977	0.885999978	0.882700026	0.180700004	0.176599994	0.1787	0.166700006	0.225500003	0.166800007	0.159799993	0.157600001	0.158299997	0.157800004	0.186800003	0.153099999	0.152600005	0.151899993	0.150700003
0.912999988	0.887499988	0.88410002	0.180600002	0.176400006	0.178599998	0.1664	0.235599995	0.166500002	0.159999996	0.157800004	0.158199996	0.157499999	0.190699995	0.152799994	0.152600005	0.151999995	0.150600001
0.914799988	0.888700008	0.885999978	0.179800004	0.175699994	0.178100005	0.166099995	0.246000007	0.166099995	0.159700006	0.157199994	0.157700002	0.157100007	0.194499999	0.152600005	0.152099997	0.1514	0.150399998
0.916800022	0.890799999	0.887799978	0.179399997	0.175400004	0.177200004	0.165900007	0.256000012	0.165900007	0.159400001	0.156900004	0.157499999	0.157100007	0.198100001	0.152400002	0.152199998	0.151099995	0.150600001
0.918600023	0.892400026	0.889400005	0.179000005	0.175099999	0.177000001	0.165700004	0.265700012	0.165700004	0.159199998	0.156900004	0.157499999	0.156800002	0.202099994	0.152400002	0.152099997	0.151299998	0.150600001
0.920000017	0.893700004	0.890799999	0.1787	0.174999997	0.176899999	0.165299997	0.273499995	0.165299997	0.158600003	0.1567	0.157199994	0.1567	0.205799997	0.152199998	0.151899993	0.150999993	0.150600001
0.921700001	0.895500004	0.892400026	0.178599998	0.174799994	0.176699996	0.165299997	0.280900002	0.165399998	0.158299997	0.156599998	0.157100007	0.156800002	0.2095	0.1523	0.151899993	0.151199996	0.150800005
0.923399985	0.897099972	0.894299984	0.178200006	0.174199998	0.177300006	0.165000007	0.288599998	0.165099993	0.158299997	0.156299993	0.1567	0.156499997	0.212300003	0.1523	0.151500002	0.151099995	0.150800005
0.924799979	0.898999989	0.896200001	0.177699998	0.174199998	0.177000001	0.164800003	0.293500006	0.164800003	0.158299997	0.156900004	0.156599998	0.156399995	0.215000004	0.151999995	0.151700005	0.150999993	0.1514
0.926100016	0.900300026	0.897800028	0.177699998	0.173800007	0.178200006	0.164399996	0.297800004	0.164700001	0.157700002	0.156499997	0.156499997	0.156499997	0.216700003	0.152500004	0.151600003	0.150800005	0.151600003
0.92809999	0.902199984	0.899699986	0.177399993	0.173600003	0.179299995	0.164299995	0.301600009	0.164499998	0.157900006	0.156800002	0.156399995	0.156100005	0.219699994	0.152400002	0.1514	0.150999993	0.151999995
0.92930001	0.903400004	0.90079999	0.177200004	0.173500001	0.181099996	0.164199993	0.303499997	0.164299995	0.157700002	0.156900004	0.156299993	0.156000003	0.221399993	0.152500004	0.151500002	0.150900006	0.152099997
0.930800021	0.904900014	0.902199984	0.177000001	0.173299998	0.182500005	0.163900003	0.304899991	0.164100006	0.157499999	0.157100007	0.156299993	0.1558	0.222599998	0.152500004	0.151600003	0.1514	0.152700007
0.932299972	0.906199992	0.904299974	0.176699996	0.173199996	0.184300005	0.163800001	0.307900012	0.164000005	0.157100007	0.157100007	0.156100005	0.155599996	0.223399997	0.152799994	0.151700005	0.151700005	0.153099999
0.933799982	0.906700015	0.905900002	0.176599994	0.172700003	0.186399996	0.163499996	0.307300001	0.163699999	0.157199994	0.157199994	0.155900002	0.155399993	0.223800004	0.153300002	0.151800007	0.151299998	0.153799996
0.932900012	0.906599998	0.905499995	0.175300002	0.172299996	0.1866	0.162699997	0.300199986	0.162900001	0.156499997	0.157299995	0.155300006	0.155100003	0.222599998	0.154200003	0.151199996	0.150700003	0.153899997
0.931800008	0.905799985	0.906199992	0.174899995	0.171499997	0.187800005	0.162499994	0.298299998	0.162499994	0.156100005	0.158099994	0.155100003	0.154699996	0.223100007	0.154499993	0.151800007	0.151099995	0.153899997
0.934000015	0.907899976	0.908999979	0.174999997	0.171499997	0.193299994	0.162400007	0.300199986	0.162499994	0.156000003	0.158999994	0.155200005	0.154799998	0.224199995	0.155399993	0.152199998	0.151800007	0.154899999
0.935299993	0.910000026	0.911599994	0.174899995	0.171299994	0.198500007	0.162499994	0.304500014	0.162499994	0.156000003	0.160400003	0.155200005	0.154699996	0.224800006	0.157399997	0.152400002	0.151899993	0.156000003
0.93690002	0.911000013	0.914300025	0.174400002	0.171200007	0.205300003	0.162100002	0.303000003	0.162200004	0.155699998	0.161699995	0.155100003	0.154599994	0.225600004	0.157700002	0.152600005	0.1523	0.157000005
0.938199997	0.912599981	0.916400015	0.174400002	0.171000004	0.214699998	0.161899999	0.3028	0.162200004	0.155599996	0.164000005	0.155399993	0.154699996	0.226600006	0.159999996	0.153799996	0.152999997	0.158199996
0.939300001	0.913900018	0.919200003	0.174500003	0.171200007	0.225700006	0.161699995	0.305500001	0.162100002	0.155599996	0.166999996	0.155499995	0.154799998	0.227699995	0.161200002	0.154699996	0.153899997	0.1602
0.940900028	0.915199995	0.922900021	0.174600005	0.170900002	0.239500001	0.161899999	0.305799991	0.161899999	0.155699998	0.170300007	0.155699998	0.154699996	0.227899998	0.162699997	0.156299993	0.154200003	0.161400005
0.943300009	0.917299986	0.926699996	0.174500003	0.171100006	0.256900012	0.161799997	0.310000002	0.162300006	0.1558	0.174700007	0.156299993	0.154899999	0.229000002	0.165099993	0.158199996	0.155599996	0.163900003
0.944400012	0.918099999	0.930999994	0.174199998	0.170900002	0.275700003	0.161599994	0.305599988	0.162	0.155399993	0.178399995	0.156100005	0.154899999	0.229599997	0.168099999	0.160500005	0.1567	0.165800005
0.945200026	0.919700027	0.934000015	0.173999995	0.1708	0.299100012	0.161699995	0.307200015	0.162	0.155399993	0.1822	0.156399995	0.155100003	0.230499998	0.170900002	0.163299993	0.157299995	0.169
