0.188199997	0.204400003	0.175300002	0.197999999	0.201800004	0.173700005	0.187099993	0.194900006	0.1884	0.192200005	0.202000007	0.170000002	0.183599994	0.195800006	0.158899993	0.1866	0.197699994	0.171200007
0.198699996	0.220799997	0.190200001	0.216000006	0.233899996	0.187000006	0.1919	0.201100007	0.189700007	0.209299996	0.221000001	0.182400003	0.202099994	0.216199994	0.175899997	0.208000004	0.219400004	0.1822
0.233500004	0.268599987	0.214499995	0.246399999	0.261599988	0.204999998	0.216499999	0.227400005	0.212599993	0.236000001	0.252600014	0.1998	0.226199999	0.246399999	0.193399996	0.232600003	0.245800003	0.197300002
0.304399997	0.353700012	0.273099989	0.322100013	0.348100007	0.259600013	0.255699992	0.268900007	0.248400003	0.306499988	0.334500015	0.249400005	0.29339999	0.325300008	0.2412	0.298200011	0.32069999	0.243300006
0.412200004	0.48089999	0.368400007	0.426600009	0.461400002	0.338	0.305700004	0.314999998	0.293599993	0.399399996	0.436100006	0.319999993	0.3838	0.424100012	0.307900012	0.387899995	0.417600006	0.310600013
0.552299976	0.631200016	0.497599989	0.552600026	0.591000021	0.437700003	0.368200004	0.372399986	0.349999994	0.512199998	0.554400027	0.407599986	0.493200004	0.539900005	0.392500013	0.495299995	0.530499995	0.395099998
0.700600028	0.770500004	0.646000028	0.67930001	0.710900009	0.551699996	0.448199987	0.450300008	0.421099991	0.627900004	0.667500019	0.50999999	0.60799998	0.652800024	0.490099996	0.606599987	0.638400018	0.4903
0.801400006	0.840200007	0.769299984	0.777700007	0.79519999	0.652800024	0.550100029	0.553300023	0.514199972	0.719099998	0.746500015	0.603399992	0.698599994	0.731000006	0.582199991	0.691100001	0.710600019	0.578000009
0.835600019	0.864400029	0.82130003	0.832000017	0.832799971	0.717400014	0.646899998	0.653299987	0.612699986	0.76880002	0.78640002	0.661199987	0.749800026	0.771200001	0.640500009	0.74059999	0.750100017	0.635100007
0.849699974	0.874100029	0.839999974	0.853600025	0.847800016	0.750999987	0.682399988	0.695299983	0.663600028	0.789200008	0.800400019	0.685199976	0.775099993	0.786800027	0.666899979	0.763700008	0.762499988	0.658299983
0.854200006	0.879000008	0.847599983	0.862800002	0.855400026	0.762000024	0.692799985	0.707000017	0.677100003	0.799499989	0.809599996	0.698300004	0.784500003	0.79400003	0.677600026	0.773500025	0.770500004	0.67110002
0.858500004	0.88349998	0.851599991	0.870899975	0.861699998	0.76910001	0.69660002	0.711799979	0.680599988	0.8046	0.815999985	0.701799989	0.790099978	0.800899982	0.682399988	0.77700001	0.776199996	0.672500014
0.862299979	0.886399984	0.855099976	0.875199974	0.865199983	0.774999976	0.699299991	0.712800026	0.683300018	0.808499992	0.822399974	0.701200008	0.793799996	0.807299972	0.680599988	0.779999971	0.780799985	0.669700027
0.864499986	0.888199985	0.857800007	0.879000008	0.868900001	0.780900002	0.703100026	0.71390003	0.681999981	0.812600017	0.826499999	0.699999988	0.797599971	0.81190002	0.677399993	0.782199979	0.785399973	0.665700018
0.867399991	0.891600013	0.860599995	0.881500006	0.870700002	0.783999979	0.70389998	0.713400006	0.683600008	0.817499995	0.83069998	0.700399995	0.801400006	0.815599978	0.674899995	0.78640002	0.790199995	0.660600007
0.869300008	0.893999994	0.863300025	0.883000016	0.872600019	0.786199987	0.705500007	0.71420002	0.682799995	0.819700003	0.832799971	0.699899971	0.804400027	0.817399979	0.674499989	0.787599981	0.792800009	0.656499982
0.871900022	0.896600008	0.86559999	0.884500027	0.873700023	0.788299978	0.70389998	0.71509999	0.683200002	0.82130003	0.835699975	0.698599994	0.805700004	0.819299996	0.670799971	0.788399994	0.794399977	0.653299987
0.874499977	0.899600029	0.868399978	0.885800004	0.875100017	0.790199995	0.704599977	0.714699984	0.683000028	0.823700011	0.837199986	0.697899997	0.806599975	0.821099997	0.668299973	0.789699972	0.79610002	0.648100019
0.877200007	0.9023	0.871900022	0.886600018	0.87620002	0.791299999	0.70569998	0.71420002	0.683099985	0.825200021	0.838800013	0.695500016	0.807500005	0.82249999	0.664799988	0.790199995	0.797699988	0.643299997
0.879499972	0.904999971	0.87379998	0.887199998	0.877099991	0.792500019	0.706900001	0.714600027	0.683099985	0.824299991	0.839600027	0.693199992	0.806999981	0.82249999	0.660700023	0.789200008	0.797500014	0.637600005
0.882300019	0.907999992	0.876699984	0.888000011	0.878199995	0.791999996	0.706200004	0.713500023	0.683000028	0.824599981	0.84009999	0.691799998	0.806699991	0.823700011	0.656899989	0.788399994	0.798600018	0.632000029
0.884899974	0.910399973	0.879700005	0.888000011	0.878600001	0.792800009	0.706799984	0.713999987	0.684899986	0.823000014	0.83950001	0.687399983	0.805899978	0.823599994	0.65259999	0.786300004	0.797399998	0.624899983
0.887499988	0.913100004	0.881699979	0.888899982	0.879299998	0.791199982	0.706099987	0.712100029	0.685299993	0.822700024	0.83950001	0.685100019	0.803799987	0.822899997	0.647499979	0.784799993	0.797500014	0.618399978
0.889800012	0.915400028	0.884299994	0.888599992	0.879700005	0.790899992	0.70569998	0.713699996	0.685299993	0.82130003	0.839399993	0.680400014	0.801999986	0.822600007	0.643000007	0.782100022	0.795799971	0.611699998
0.892700016	0.917900026	0.887099981	0.889199972	0.880599976	0.789600015	0.705900013	0.71420002	0.685699999	0.820100009	0.83829999	0.677100003	0.799499989	0.821500003	0.637899995	0.778999984	0.793900013	0.605799973
0.894999981	0.920599997	0.889500022	0.889199972	0.881099999	0.788900018	0.707499981	0.712899983	0.6875	0.817499995	0.837100029	0.673399985	0.796500027	0.819899976	0.632799983	0.776000023	0.792500019	0.598800004
0.897599995	0.922800004	0.892099977	0.888800025	0.881299973	0.78670001	0.709100008	0.71390003	0.686699986	0.814700007	0.836099982	0.669099987	0.79339999	0.817600012	0.628300011	0.772700012	0.790000021	0.592499971
0.9005	0.925499976	0.894999981	0.888800025	0.881900012	0.784399986	0.709699988	0.7148	0.68720001	0.811800003	0.833400011	0.664699972	0.789900005	0.815299988	0.623399973	0.76819998	0.786800027	0.587300003
0.902499974	0.92809999	0.897300005	0.888800025	0.881600022	0.782700002	0.707899988	0.714999974	0.68720001	0.809400022	0.831700027	0.661000013	0.786300004	0.81309998	0.618900001	0.764900029	0.785099983	0.582199991
0.905099988	0.930299997	0.899299979	0.888599992	0.882300019	0.781199992	0.709100008	0.714900017	0.68779999	0.805299997	0.82980001	0.656899989	0.782400012	0.810100019	0.613900006	0.760500014	0.781000018	0.576900005
0.907400012	0.932699978	0.901899993	0.888100028	0.882399976	0.778400004	0.707199991	0.715200007	0.686500013	0.802200019	0.826699972	0.652400017	0.778699994	0.807299972	0.609399974	0.756200016	0.777899981	0.5722
0.910099983	0.935400009	0.904399991	0.887799978	0.882399976	0.776499987	0.709200025	0.716300011	0.687900007	0.799099982	0.824400008	0.648500025	0.775099993	0.80400002	0.605499983	0.752699971	0.775399983	0.567799985
0.912199974	0.937600017	0.906799972	0.887099981	0.882300019	0.773800015	0.708599985	0.717700005	0.687900007	0.794799984	0.822099984	0.643599987	0.771099985	0.800700009	0.601400018	0.74849999	0.771600008	0.563399971
0.914399981	0.940199971	0.909300029	0.887000024	0.882399976	0.772199988	0.708700001	0.716000021	0.688499987	0.791899979	0.819000006	0.640399992	0.767400026	0.797500014	0.598200023	0.743900001	0.767199993	0.558300018
0.917299986	0.942900002	0.912199974	0.886099994	0.882300019	0.768899977	0.708599985	0.716799974	0.688799977	0.787500024	0.815999985	0.635999978	0.762899995	0.793799996	0.593999982	0.740499973	0.763899982	0.554199994
0.919399977	0.944899976	0.914200008	0.885900021	0.882499993	0.766799986	0.708400011	0.717599988	0.688499987	0.783500016	0.812600017	0.632000029	0.75849998	0.789799988	0.5898	0.735899985	0.759899974	0.550499976
0.921599984	0.947300017	0.916400015	0.88499999	0.882200003	0.763199985	0.708000004	0.717400014	0.689599991	0.779900014	0.809099972	0.628300011	0.754999995	0.786899984	0.586600006	0.731400013	0.755800009	0.546700001
0.924000025	0.949699998	0.918500006	0.885299981	0.882499993	0.761200011	0.707899988	0.717499971	0.689499974	0.7755	0.805499971	0.62470001	0.75059998	0.783299983	0.583100021	0.727299988	0.752200007	0.542999983
0.925700009	0.951699972	0.920799971	0.883899987	0.882000029	0.757700026	0.709200025	0.717899978	0.689700007	0.771499991	0.802399993	0.621100008	0.746500015	0.779100001	0.57980001	0.724099994	0.747799993	0.540600002
0.92839998	0.954299986	0.923600018	0.883300006	0.881900012	0.755299985	0.709699988	0.717000008	0.689700007	0.767499983	0.799700022	0.618200004	0.742699981	0.775399983	0.576699972	0.719799995	0.743300021	0.536899984
0.930400014	0.956399977	0.925700009	0.882300019	0.881699979	0.751900017	0.711099982	0.717999995	0.692300022	0.763599992	0.795599997	0.614000022	0.738900006	0.772000015	0.574100018	0.715399981	0.738799989	0.533100009
0.932699978	0.958599985	0.9278	0.881500006	0.881299973	0.749000013	0.708599985	0.718599975	0.692499995	0.759800017	0.791599989	0.611299992	0.734899998	0.7676	0.57160002	0.711700022	0.735099971	0.531000018
0.934099972	0.960799992	0.929499984	0.880500019	0.881600022	0.745800018	0.708899975	0.717999995	0.692799985	0.755699992	0.787999988	0.608699977	0.730199993	0.763199985	0.568000019	0.706900001	0.730199993	0.528500021
0.93690002	0.963	0.931900024	0.879199982	0.881099999	0.742600024	0.708100021	0.718100011	0.691699982	0.751299977	0.784500003	0.605799973	0.726000011	0.759599984	0.565400004	0.703999996	0.727100015	0.526199996
0.939100027	0.96509999	0.934099972	0.878700018	0.880900025	0.74000001	0.707799971	0.719200015	0.692499995	0.747799993	0.780799985	0.602800012	0.722299993	0.755900025	0.56309998	0.700200021	0.723100007	0.523199975
0.940800011	0.967100024	0.93599999	0.878199995	0.880500019	0.737200022	0.708000004	0.718800008	0.692499995	0.743300021	0.7773	0.600799978	0.718400002	0.752399981	0.560500026	0.696500003	0.719600022	0.521600008
0.942900002	0.969500005	0.938300014	0.877200007	0.880200028	0.734200001	0.708700001	0.720300019	0.692600012	0.739499986	0.774399996	0.5977	0.7148	0.748300016	0.558499992	0.693099976	0.715200007	0.519200027
0.945100009	0.971400023	0.939899981	0.87620002	0.879800022	0.731100023	0.709200025	0.720399976	0.694400012	0.736999989	0.770799994	0.594799995	0.711000025	0.744400024	0.556599975	0.689899981	0.711700022	0.51700002
0.947099984	0.97390002	0.942300022	0.875	0.879700005	0.727900028	0.709900022	0.720899999	0.694100022	0.733399987	0.767799973	0.593200028	0.707599998	0.74119997	0.55400002	0.686800003	0.708400011	0.515999973
0.949100018	0.975700021	0.944299996	0.873899996	0.878799975	0.724300027	0.710099995	0.721899986	0.69599998	0.729600012	0.764199972	0.591499984	0.703800023	0.737399995	0.552399993	0.682699978	0.70539999	0.513800025
0.950900018	0.977299988	0.946099997	0.873199999	0.878799975	0.7227	0.708400011	0.7227	0.693199992	0.725000024	0.760299981	0.58859998	0.700399995	0.733900011	0.550499976	0.679899991	0.701399982	0.511799991
0.952899992	0.979399979	0.948199987	0.872300029	0.878700018	0.720499992	0.708700001	0.722599983	0.695900023	0.722800016	0.756900012	0.586000025	0.697399974	0.730799973	0.548799992	0.676299989	0.697799981	0.509500027
0.954599977	0.981599987	0.949699998	0.871200025	0.877799988	0.716799974	0.711000025	0.723399997	0.696699977	0.719099998	0.753600001	0.584699988	0.694400012	0.727800012	0.547100008	0.673099995	0.695500016	0.508000016
0.956200004	0.983200014	0.951499999	0.870400012	0.877699971	0.71420002	0.710799992	0.72420001	0.696699977	0.715900004	0.750800014	0.583199978	0.691100001	0.724699974	0.54549998	0.670799971	0.692099988	0.506699979
0.958199978	0.985099971	0.953499973	0.868700027	0.876999974	0.711600006	0.711600006	0.723800004	0.697700024	0.712800026	0.747600019	0.580600023	0.688499987	0.721599996	0.544399977	0.667400002	0.688600004	0.504899979
0.959999979	0.986800015	0.955299973	0.868300021	0.876900017	0.709500015	0.711199999	0.723100007	0.697799981	0.709500015	0.744499981	0.579699993	0.684800029	0.718400002	0.541999996	0.665199995	0.686999977	0.503899992
0.961899996	0.988699973	0.957300007	0.86680001	0.876100004	0.706499994	0.710699975	0.723999977	0.6972	0.70660001	0.7421	0.577899992	0.682299972	0.715699971	0.541000009	0.662299991	0.683200002	0.501999974
0.964100003	0.99089998	0.959399998	0.86589998	0.875400007	0.704699993	0.710399985	0.7245	0.699800014	0.70450002	0.739300013	0.576200008	0.6796	0.712599993	0.539799988	0.659399986	0.680599988	0.50059998
0.965300024	0.992500007	0.961000025	0.864700019	0.87470001	0.702199996	0.709500015	0.723500013	0.698099971	0.700399995	0.735800028	0.574400008	0.676500022	0.709699988	0.537999988	0.656700015	0.678499997	0.499000013
0.967299998	0.994199991	0.962700009	0.864099979	0.87440002	0.700299978	0.710500002	0.724300027	0.699400008	0.698300004	0.734000027	0.572899997	0.674300015	0.707199991	0.536899984	0.654299974	0.675499976	0.497299999
0.968800008	0.995299995	0.963999987	0.862600029	0.873700023	0.697000027	0.708899975	0.7245	0.698700011	0.69569999	0.731700003	0.571699977	0.671800017	0.704699993	0.535300016	0.651899993	0.673200011	0.496499985
0.970200002	0.997200012	0.966000021	0.861599982	0.87349999	0.694700003	0.711700022	0.725000024	0.700100005	0.693300009	0.728900015	0.570599973	0.66900003	0.702000022	0.534099996	0.648899972	0.670599997	0.495499998
0.972199976	0.999499977	0.967899978	0.860700011	0.872600019	0.693099976	0.710699975	0.725799978	0.701200008	0.690999985	0.726899981	0.568799973	0.666800022	0.699500024	0.532899976	0.647199988	0.669200003	0.493800014
0.973699987	1.000200033	0.969099998	0.859700024	0.872399986	0.690999985	0.711799979	0.725499988	0.700699985	0.689300001	0.725499988	0.568700016	0.664499998	0.697700024	0.531700015	0.645399988	0.666499972	0.492599994
0.975199997	1.002099991	0.970799983	0.858900011	0.871999979	0.689300001	0.71420002	0.727299988	0.699000001	0.68629998	0.722500026	0.566600025	0.662199974	0.6954	0.530600011	0.64289999	0.664499998	0.49149999
0.976599991	1.003800035	0.972599983	0.8574	0.871100008	0.6875	0.713199973	0.728200018	0.699999988	0.684000015	0.719900012	0.565100014	0.660099983	0.693199992	0.529200017	0.639699996	0.662500024	0.490099996
0.978500009	1.005200028	0.974300027	0.857200027	0.871299982	0.686399996	0.71359998	0.727900028	0.701499999	0.682500005	0.718200028	0.564899981	0.658299983	0.692099988	0.528100014	0.638599992	0.661300004	0.488999993
0.980599999	1.006700039	0.976000011	0.855599999	0.869799972	0.683700025	0.715499997	0.728200018	0.702700019	0.680599988	0.716700017	0.563000023	0.656499982	0.689700007	0.527199984	0.636600018	0.659300029	0.487699986
0.981700003	1.008399963	0.977299988	0.854799986	0.870000005	0.682699978	0.711700022	0.727199972	0.702400029	0.678900003	0.714600027	0.561999977	0.654500008	0.688300014	0.526300013	0.634899974	0.658399999	0.487199992
0.983399987	1.010499954	0.979799986	0.853699982	0.869099975	0.681200027	0.71329999	0.728299975	0.703100026	0.677399993	0.712800026	0.56129998	0.652899981	0.68599999	0.525099993	0.63349998	0.657100022	0.485700011
0.984899998	1.011999965	0.981299996	0.852999985	0.868300021	0.679400027	0.713100016	0.728799999	0.702799976	0.675300002	0.711199999	0.559599996	0.651300013	0.684199989	0.524100006	0.631399989	0.654299974	0.483900011
0.986100018	1.013299942	0.982500017	0.852100015	0.867900014	0.677999973	0.71359998	0.729399979	0.703299999	0.673799992	0.708899975	0.558499992	0.649800003	0.683499992	0.523299992	0.629800022	0.653699994	0.48300001
