0.308899999	0.31099999	0.300099999	0.308899994	0.310999995	0.300099989	0.308900021	0.310999979	0.300100025	0.39320001	0.393900007	0.395399988	0.393200013	0.393900005	0.39540001	0.393200016	0.393899979	0.395399985
0.314799994	0.322400004	0.307999998	0.323000009	0.3245	0.432799995	0.319399976	0.320500006	0.313099977	0.402999997	0.400599986	0.404100001	0.404799971	0.403300015	0.404100023	0.413499987	0.414900007	0.405399975
0.343899995	0.351999998	0.331	0.353099997	0.35150001	0.459100008	0.351399981	0.349700023	0.343200024	0.411300004	0.408899993	0.413199991	0.412399981	0.412000028	0.411600016	0.421099997	0.42299998	0.414099989
0.38319999	0.3926	0.364300013	0.394999976	0.392500019	0.498199999	0.391599976	0.387599994	0.382399973	0.423400015	0.42050001	0.424800009	0.423899982	0.421499995	0.42240002	0.432099974	0.434199991	0.426599977
0.433899999	0.440800011	0.405600011	0.442300017	0.442299997	0.547399998	0.439600014	0.435299982	0.429700013	0.439700007	0.435400009	0.441399992	0.436000023	0.432499973	0.434600018	0.443100012	0.445599975	0.438300011
0.493499994	0.503199995	0.46540001	0.510299976	0.498199975	0.609799981	0.50070002	0.495500018	0.481400009	0.462599993	0.458000004	0.46450001	0.453799996	0.450300006	0.451699994	0.453600025	0.457099976	0.448899982
0.526300013	0.546199977	0.512799978	0.59420001	0.569200015	0.678799987	0.573300027	0.565500011	0.547399994	0.491899997	0.487100005	0.492799997	0.477399978	0.473400024	0.475100003	0.467900014	0.471099974	0.46350002
0.535700023	0.561600029	0.532299995	0.657899971	0.643699979	0.757399976	0.676199995	0.663300027	0.648199972	0.526300013	0.517099977	0.524900019	0.503999982	0.501099971	0.502299986	0.487300015	0.490199985	0.483699975
0.542400002	0.567099988	0.539499998	0.670599992	0.68100003	0.800100029	0.793699943	0.792599966	0.756099995	0.565999985	0.551299989	0.562300026	0.534000013	0.529499975	0.529700003	0.510000027	0.513300003	0.50749999
0.545899987	0.569599986	0.542200029	0.666299994	0.694099998	0.817099988	0.900500022	0.915800025	0.867399987	0.606700003	0.590799987	0.608500004	0.568900022	0.56000003	0.559699975	0.5375	0.542400004	0.536000011
0.548500001	0.569400012	0.542400002	0.679700012	0.699099993	0.822600007	0.950800024	0.963599969	0.917300042	0.647300005	0.624599993	0.648500025	0.607899997	0.594299999	0.594199977	0.562000013	0.570900025	0.56059998
0.552299976	0.570100009	0.546599984	0.698199983	0.701300001	0.826300025	0.964600049	0.980199982	0.92919999	0.667999983	0.654399991	0.669700027	0.647500012	0.633299974	0.635700009	0.59180001	0.600000026	0.590399978
0.552699983	0.574000001	0.545000017	0.690599973	0.702599978	0.827499986	0.966500007	0.989700009	0.940599974	0.659600019	0.663699985	0.676999986	0.694200012	0.679100004	0.678699992	0.622700012	0.630499961	0.621100006
0.550199986	0.581099987	0.554400027	0.727299984	0.704700028	0.827300012	0.972699963	0.989599992	0.945699986	0.675499976	0.667699993	0.682299972	0.763399992	0.74020001	0.728100024	0.6607	0.667299988	0.657100019
0.540099978	0.5898	0.550700009	0.703199978	0.706500029	0.829699993	0.97400006	0.994300057	0.950799998	0.679899991	0.66960001	0.675800025	0.808500025	0.780599979	0.771200023	0.696700013	0.699800016	0.699099955
0.549499989	0.589399993	0.553900003	0.674099977	0.710199987	0.830299973	0.976299964	0.995999981	0.952500042	0.678200006	0.6796	0.681100011	0.821499977	0.796600012	0.796199999	0.737999952	0.742100002	0.732899961
0.539200008	0.58130002	0.557600021	0.666899974	0.710700011	0.832000017	0.973900043	0.996799995	0.95499998	0.679899991	0.676800013	0.686999977	0.824699971	0.809900013	0.789100013	0.785499966	0.79009998	0.791699943
0.547299981	0.581399977	0.549099982	0.685100014	0.711199975	0.833100021	0.971700035	1.000099947	0.958000001	0.680100024	0.678600013	0.694400012	0.823900017	0.803299991	0.795500002	0.847999966	0.855000021	0.831100044
0.548600018	0.592400014	0.547399998	0.688899989	0.713099992	0.834699988	0.977300011	1.001300027	0.955499943	0.674899995	0.687600017	0.683300018	0.827200029	0.806000022	0.79770001	0.88580004	0.913400056	0.890100059
0.546199977	0.601400018	0.556999981	0.708199973	0.714600002	0.837300003	0.97520002	1.004399945	0.95830005	0.688000023	0.684899986	0.68690002	0.82960001	0.812000004	0.794999979	0.953599966	0.989699961	0.953399953
0.548399985	0.601700008	0.555400014	0.69010001	0.714600002	0.838	0.975499951	1.003300001	0.95620006	0.672599971	0.693199992	0.692600012	0.836699996	0.818699983	0.791399978	0.980700052	1.023200037	1.002800045
0.553900003	0.599399984	0.543900013	0.712400014	0.71769998	0.839999974	0.973800026	1.005999972	0.961200055	0.677699983	0.688499987	0.694400012	0.827699992	0.820400027	0.7901	1.008700049	1.036399962	0.996400056
0.559499979	0.598800004	0.538600028	0.682699974	0.71830002	0.842199981	0.972699963	1.007000019	0.963900026	0.66839999	0.692600012	0.699500024	0.845599982	0.820799974	0.808200024	0.985799945	1.044499995	1.015199957
0.550599992	0.592100024	0.546199977	0.658900018	0.719599998	0.840699971	0.973599993	1.01029997	0.96530002	0.693400025	0.699299991	0.695599973	0.845199976	0.823299972	0.805499993	1.015999949	1.050799968	1.034300027
0.546700001	0.588	0.554499984	0.665599997	0.720700001	0.842000008	0.97279998	1.009499957	0.965500053	0.675499976	0.703000009	0.694199979	0.831299994	0.825400022	0.798100017	0.971300042	1.053900005	1.033700046
0.549600005	0.584200025	0.562600017	0.684700008	0.724000012	0.841400027	0.97520002	1.011799981	0.969899949	0.680199981	0.704100013	0.699299991	0.839099977	0.824499992	0.802199982	0.995800054	1.056699993	1.029400048
0.552999973	0.582599998	0.565299988	0.696600015	0.72590003	0.843400002	0.973299943	1.014200021	0.971499976	0.700200021	0.704100013	0.709200025	0.845500025	0.827399996	0.803999982	0.976599968	1.056200029	1.019699988
0.557699978	0.578800023	0.565800011	0.702700014	0.726600027	0.843299985	0.974199973	1.014300038	0.970500048	0.688399971	0.711799979	0.69599998	0.834000025	0.823500005	0.798699997	0.987999952	1.057199957	1.01539999
0.561699986	0.575800002	0.565900028	0.702499981	0.727600014	0.845000029	0.975300037	1.015399982	0.972999986	0.685500026	0.698400021	0.701099992	0.848000023	0.824300019	0.801400028	0.98379997	1.059800031	1.021599946
0.569299996	0.570299983	0.568300009	0.709900017	0.728700017	0.847599983	0.976800047	1.017900039	0.974299964	0.671400011	0.711600006	0.704299986	0.858800027	0.828099993	0.79920002	0.997999943	1.062500002	1.031500039
0.551299989	0.580900013	0.57099998	0.732600029	0.728600001	0.848100007	0.973000013	1.0191	0.97620004	0.696099997	0.701399982	0.701300025	0.862599942	0.834199992	0.801199995	1.013500011	1.053200008	1.03570002
0.564199984	0.604600012	0.573000014	0.708699997	0.729599988	0.84890002	0.974799954	1.01940005	0.976599988	0.694999993	0.701900005	0.701799989	0.861499998	0.829199997	0.808900021	0.975099957	1.040500047	1.044099984
0.557900012	0.612299979	0.573499978	0.695699985	0.730699992	0.851199985	0.97279998	1.019200017	0.977500018	0.708599985	0.705900013	0.710500002	0.864400003	0.825499979	0.810799978	0.982000029	1.033100011	1.045499978
0.569500029	0.619400024	0.574000001	0.713200028	0.731900012	0.853699982	0.975100004	1.020999958	0.980600055	0.689899981	0.709800005	0.719699979	0.8651	0.825700012	0.804699979	0.974299944	1.032400014	1.049400029
0.570800006	0.637600005	0.574500024	0.712700005	0.732399976	0.853500009	0.976499998	1.020499994	0.978699978	0.696500003	0.709100008	0.712599993	0.860499952	0.830300001	0.797000013	0.985799945	1.032899977	1.051299986
0.578999996	0.635200024	0.576099992	0.705600019	0.733400023	0.853299975	0.978000008	1.021500041	0.979100045	0.679400027	0.714999974	0.711399972	0.854199979	0.835599986	0.800200007	1.000899947	1.032099964	1.053800044
0.566299975	0.619899988	0.577400029	0.681100006	0.734800016	0.856000006	0.980400049	1.022000004	0.98410004	0.693400025	0.712000012	0.720499992	0.845899973	0.8364	0.806400023	1.005100048	1.031999947	1.055300054
0.574500024	0.605099976	0.579299986	0.683199997	0.736099994	0.856000006	0.981100046	1.025299956	0.98320001	0.709399998	0.72359997	0.712700009	0.844899986	0.835999993	0.802800022	0.971900022	1.031100036	1.055000004
0.574400008	0.618600011	0.584599972	0.67339998	0.7365	0.857299984	0.981499993	1.025600006	0.98379999	0.705500007	0.717199981	0.715499997	0.849400017	0.837200013	0.802700005	0.981499946	1.03100002	1.051299986
0.585799992	0.630100012	0.583400011	0.682300027	0.739299988	0.858500004	0.980300032	1.026899983	0.986100014	0.703800023	0.724699974	0.720300019	0.861299965	0.836900023	0.797100029	0.96439997	1.030599953	1.05179995
0.582499981	0.655499995	0.575500011	0.689199979	0.740799999	0.859899998	0.98219999	1.02759998	0.988300022	0.734099984	0.735700011	0.716600001	0.860400054	0.83699998	0.800900004	0.988300002	1.029000046	1.053100047
0.578999996	0.640200019	0.566399992	0.698299999	0.741300022	0.861100018	0.979899966	1.029599954	0.989000019	0.710099995	0.733299971	0.720799983	0.85750005	0.838000027	0.811800025	0.978699959	1.029500009	1.053800044
0.580600023	0.673300028	0.56400001	0.708400006	0.741900002	0.861400008	0.980200015	1.030100037	0.990199979	0.710900009	0.721300006	0.734300017	0.856300029	0.838000027	0.813699983	0.997800029	1.029700043	1.054300007
0.581499994	0.651600003	0.563199997	0.718800004	0.743599987	0.861699998	0.982899987	1.030399968	0.991200026	0.729799986	0.718699992	0.741400003	0.843899998	0.839899985	0.812100015	0.994499958	1.029899957	1.055800018
0.58130002	0.67930001	0.5625	0.711199994	0.74380002	0.862900019	0.981499993	1.031099965	0.994999941	0.717700005	0.741100013	0.728500009	0.851299975	0.839499978	0.812199972	0.968599952	1.030799987	1.057599959
0.591400027	0.676800013	0.562600017	0.715899999	0.74499998	0.864099979	0.981199943	1.031799962	0.990299996	0.717499971	0.767499983	0.728100002	0.848300013	0.840100018	0.814099989	0.991500056	1.03069997	1.058100042
0.590499997	0.684199989	0.562699974	0.727900024	0.746499991	0.864300013	0.982500039	1.032399942	0.992500003	0.714399993	0.721499979	0.735599995	0.85599998	0.838799981	0.809600018	0.973899997	1.031200053	1.059400019
0.612999976	0.670400023	0.565400004	0.730000014	0.746600008	0.863900006	0.981900059	1.031999995	0.987999972	0.749499977	0.7579	0.724699974	0.849800024	0.841500012	0.810499988	0.961499965	1.03100002	1.06209999
0.611000001	0.6875	0.565800011	0.749700005	0.746399974	0.865199983	0.981800043	1.031500031	0.990999993	0.715600014	0.748099983	0.729399979	0.832999978	0.839899985	0.811700008	0.98260001	1.030799987	1.062300024
0.607800007	0.703499973	0.564800024	0.709100003	0.748100018	0.866400003	0.983200036	1.033100058	0.989000019	0.728399992	0.738900006	0.743099988	0.83930001	0.843099979	0.812299989	0.975099957	1.030599953	1.061799941
0.611899972	0.684899986	0.564400017	0.715899999	0.748299992	0.86680001	0.98400005	1.033899953	0.991599973	0.744300008	0.7676	0.745999992	0.846999976	0.843799976	0.811700008	0.997399962	1.029600026	1.06240004
0.613399982	0.725700021	0.571699977	0.727599974	0.746899998	0.866400003	0.98460003	1.034799983	0.994299944	0.733699977	0.764999986	0.737500012	0.84839997	0.843899993	0.813399992	0.995500005	1.0316	1.060200033
0.63349998	0.711499989	0.577499986	0.722500022	0.749999976	0.869400024	0.984899961	1.036299993	0.994200047	0.734700024	0.751399994	0.739000022	0.844400022	0.843799976	0.818900011	0.972399986	1.036000015	1.061399994
0.621399999	0.673300028	0.580299973	0.698800023	0.750099992	0.869099975	0.985699974	1.03880005	0.999499973	0.764100015	0.756900012	0.74089998	0.845500025	0.851500002	0.818099998	0.988600052	1.041200043	1.066100058
0.622500002	0.71450001	0.580799997	0.689599986	0.752700006	0.871299982	0.987300002	1.040499975	0.998099979	0.737500012	0.75880003	0.751800001	0.844800029	0.866299955	0.8156	0.981900013	1.04799998	1.069500026
0.626900017	0.702499986	0.576900005	0.692899997	0.752800023	0.871800005	0.986700021	1.038299967	0.994399961	0.755299985	0.764100015	0.74879998	0.844000015	0.865699974	0.822800003	0.960400021	1.05920005	1.068800029
0.64230001	0.708899975	0.578299999	0.685900028	0.751400029	0.871399999	0.986200057	1.038100053	0.993699964	0.755400002	0.766600013	0.756099999	0.840700004	0.865900007	0.815499983	0.976599968	1.075099947	1.06970006
0.629700005	0.706499994	0.583500028	0.696600015	0.751700019	0.871699989	0.986299955	1.039799978	0.993300017	0.730099976	0.779500008	0.737900019	0.85779998	0.866600004	0.817699991	0.98260001	1.08650005	1.06940001
0.628000021	0.6796	0.587700009	0.692700024	0.752100026	0.871699989	0.984799944	1.041500022	0.994800027	0.732900023	0.778900027	0.757099986	0.834399972	0.867699949	0.819899998	0.993899977	1.088199975	1.068800029
0.637099981	0.664300025	0.586899996	0.702899988	0.752999997	0.873000026	0.987099968	1.041400005	0.994499978	0.766799986	0.776899993	0.754000008	0.839400027	0.868900028	0.823900006	0.981799996	1.087999942	1.066399989
0.663500011	0.658399999	0.587000012	0.708800013	0.753400003	0.874800026	0.987099968	1.041500022	0.99229997	0.760500014	0.768000007	0.745899975	0.843799982	0.869099942	0.824799977	0.998400009	1.089800002	1.07059997
0.627499998	0.659099996	0.586199999	0.718699987	0.753900027	0.876299977	0.989299976	1.042300035	0.995400008	0.736899972	0.761699975	0.755800009	0.850400004	0.870300022	0.829199992	0.989200032	1.094200017	1.069799957
0.657700002	0.654399991	0.577799976	0.725000019	0.754399991	0.87529999	0.988900029	1.043399979	0.997499999	0.741400003	0.758599997	0.757200003	0.84720001	0.870099989	0.83409997	0.959299958	1.099400045	1.068900046
0.664099991	0.656700015	0.574800014	0.73500001	0.754699981	0.876900017	0.988200032	1.046500017	1.001300033	0.773500025	0.755500019	0.755599976	0.844400022	0.871700016	0.836100004	0.988600052	1.108000042	1.072099981
0.650600016	0.655499995	0.58920002	0.729300017	0.753999984	0.877799988	0.989199959	1.048100044	1.000400003	0.772899985	0.750999987	0.753099978	0.846800003	0.873300043	0.827699981	0.995600021	1.113000037	1.071899948
0.641700029	0.668900013	0.588500023	0.728900011	0.754900014	0.877799988	0.990599953	1.048700024	1.002399977	0.756699979	0.755599976	0.763400018	0.839400027	0.874399987	0.817900024	0.985899961	1.110599996	1.072699961
0.650399983	0.684599996	0.581900001	0.732999976	0.756400024	0.878899992	0.99129995	1.049799968	1.002800044	0.7676	0.758899987	0.763599992	0.849700007	0.874700037	0.818099998	0.980500019	1.110399963	1.073100028
0.648000002	0.690400004	0.584900022	0.733399983	0.756700015	0.879499972	0.991399967	1.048999955	1.002399977	0.76639998	0.757000029	0.756900012	0.845299992	0.876000014	0.829499982	0.969399965	1.112599971	1.073200044
0.673600018	0.662599981	0.600300014	0.729000027	0.757899975	0.880100012	0.99069997	1.048800041	1.003099974	0.755599976	0.75940001	0.765900016	0.845999989	0.875699965	0.828700028	0.959499991	1.111799957	1.074199972
0.665600002	0.650600016	0.586399972	0.732399995	0.756000018	0.879299998	0.992400013	1.049099971	1.001900014	0.777400017	0.763599992	0.76849997	0.854700002	0.876299945	0.828700028	0.960099972	1.113500001	1.076199946
0.649100006	0.660099983	0.595300019	0.734099979	0.757800018	0.880599976	0.993699991	1.050499965	1.002499994	0.776300013	0.775300026	0.77670002	0.829700026	0.877400008	0.821000002	0.969200051	1.114300014	1.074700055
0.657599986	0.698300004	0.581099987	0.741200025	0.758399999	0.881399989	0.994199954	1.051799943	1.004000004	0.769900024	0.792200029	0.764900029	0.844899986	0.877700058	0.830400012	0.973099983	1.115100028	1.072799978
